    AA  FX  ZF  ZP  MW  IS  QD  OH  JO  KP  EV  FB  CN  HB  RD  TB
AA  --   3   3   3   3   4   5   6   5   8   7  10   8  10   9  11
FX      --   3   4   5   3   4   7   7  10   9  12  10  12  10  12
ZF          --   4   5   3   3   6   7  10   9  12  10  12   9  11
ZP              --   5   3   4   7   7  10   9  12  10  12  10  12
MW                  --   3   7   4   3   6   5   8   6   8   7   9
IS                      --   5   6   5   8   7  10   8  10   9  11
QD                          --   4   9  12   7  10   9  11   7   9
OH                              --   6   9   4   7   6   8   4   6
JO                                  --   4   3   6   4   6   9  11
KP                                      --   6   9   7   9  12  14
EV                                          --   4   3   5   7   9
FB                                              --   6   8  10  12
CN                                                  --   3   9  11
HB                                                      --  11  13
RD                                                          --   3
TB                                                              --

    AA  FX  ZF  ZP  MW  IS  QD  OH  JO  KP  EV  FB  CN  HB  RD  TB
AA  --  27  27  27  27  26  25  24  25  22  23  20  22  20  21  19
FX      --  27  26  25  27  26  23  23  20  21  18  20  18  20  18
ZF          --  26  25  27  27  24  23  20  21  18  20  18  21  19
ZP              --  25  27  26  23  23  20  21  18  20  18  20  18
MW                  --  27  23  26  27  24  25  22  24  22  23  21
IS                      --  25  24  25  22  23  20  22  20  21  19
QD                          --  26  21  18  23  20  21  19  23  21
OH                              --  24  21  26  23  24  22  26  24
JO                                  --  26  27  24  26  24  21  19
KP                                      --  24  21  23  21  18  16
EV                                          --  26  27  25  23  21
FB                                              --  24  22  20  18
CN                                                  --  27  21  19
HB                                                      --  19  17
RD                                                          --  27
TB                                                              --

    AA  FX  ZF  ZP  MW  IS  QD  OH  JO  KP  EV  FB  CN  HB  RD  TB
AA  -- 162 189 243 297 130 500 288 450 550 437 480 330 440 273 437

FX      --  24  23  22  24  23  20  20  17  18  15  17  15  17  15  ( 6)
ZF      24  --  23  22  24  24  21  20  17  18  15  17  15  18  16  ( 7)
ZP      23  23  --  22  24  23  20  20  17  18  15  17  15  17  15  ( 9)
MW      22  22  22  --  24  20  23  24  21  22  19  21  19  20  18  (11)
IS      24  24  24  24  --  21  20  21  18  19  16  18  16  17  15  ( 5)
QD      23  24  23  20  21  --  21  16  13  18  15  16  14  18  16  (20)
OH      20  21  20  23  20  21  --  18  15  20  17  18  16  20  18  (12)
JO      20  20  20  24  21  16  18  --  21  22  19  21  19  16  14  (18)
KP      17  17  17  21  18  13  15  21  --  16  13  15  13  10   8  (25)
EV      18  18  18  22  19  18  20  22  16  --  19  20  18  16  14  (19)
FB      15  15  15  19  16  15  17  19  13  19  --  14  12  10   8  (24)
CN      17  17  17  21  18  16  18  21  15  20  14  --  19  13  11  (15)
HB      15  15  15  19  16  14  16  19  13  18  12  19  --   9   7  (22)
RD      17  18  17  20  17  18  20  16  10  16  10  13   9  --  18  (13)
TB      15  16  15  18  15  16  18  14   8  14   8  11   7  18  --  (23)

FX      -- 144 138 132 144 138 120 120 102 108  90 102  90 102  90  ( 6)
ZF     168  -- 161 154 168 168 147 140 119 126 105 119 105 126 112  ( 7)
ZP     207 207  -- 198 216 207 180 180 153 162 135 153 135 153 135  ( 9)
MW     242 242 242  -- 264 220 253 264 231 242 209 231 209 220 198  (11)
IS     120 120 120 120  -- 105 100 105  90  95  80  90  80  85  75  ( 5)
QD     460 480 460 400 420  -- 420 320 260 360 300 320 280 360 320  (20)
OH     240 252 240 276 240 252  -- 216 180 240 204 216 192 240 216  (12)
JO     360 360 360 432 378 288 324  -- 378 396 342 378 342 288 252  (18)
KP     425 425 425 525 450 325 375 525  -- 400 325 375 325 250 200  (25)
EV     342 342 342 418 361 342 380 418 304  -- 361 380 342 304 266  (19)
FB     360 360 360 456 384 360 408 456 312 456  -- 336 288 240 192  (24)
CN     255 255 255 315 270 240 270 315 225 300 210  -- 285 195 165  (15)
HB     330 330 330 418 352 308 352 418 286 396 264 418  -- 198 154  (22)
RD     221 234 221 260 221 234 260 208 130 208 130 169 117  --  18  (13)
TB     345 368 345 414 345 368 414 322 184 322 184 253 161 414  --  (23)

FX      -- 306 300 294 306 300 282 282 264 270 252 264 252 264 252  ( 6)
ZF     357  -- 350 343 357 357 336 329 308 315 294 308 294 315 301  ( 7)
ZP     450 450  -- 441 459 450 423 423 396 405 378 396 378 396 378  ( 9)
MW     539 539 539  -- 561 517 550 561 528 539 506 528 506 517 495  (11)
IS     250 250 250 250  -- 235 230 235 220 225 210 220 210 215 205  ( 5)
QD     960 980 960 900 920  -- 920 820 760 860 800 820 780 860 820  (20)
OH     528 540 528 564 528 540  -- 504 468 528 492 504 480 528 504  (12)
JO     810 810 810 882 828 738 774  -- 828 846 792 828 792 738 702  (18)
KP     975 975 97510751000 875 9251075  -- 950 875 925 875 800 750  (25)
EV     779 779 779 855 798 779 817 855 741  -- 798 817 779 741 703  (19)
FB     840 840 840 936 864 840 888 936 792 936  -- 816 768 720 672  (24)
CN     585 585 585 645 600 570 600 645 555 630 540  -- 615 525 495  (15)
HB     770 770 770 858 792 748 792 858 726 836 704 858  -- 638 594  (22)
RD     494 507 494 533 494 507 533 481 403 481 403 442 390  -- 291  (13)
TB     782 805 782 851 782 805 851 759 621 759 621 690 598 851  --  (23)
